   0.0000000e+00   1.0000000e+00
   1.0000000e-10   8.5100534e-01
   2.0000000e-10   4.4853091e-01
   3.0000000e-10  -8.7296215e-02
   4.0000000e-10  -5.9684739e-01
   5.0000000e-10  -9.2882692e-01
   6.0000000e-10  -9.8533058e-01
   7.0000000e-10  -7.5059935e-01
   8.0000000e-10  -2.9502062e-01
   9.0000000e-10   2.4649680e-01
   1.0000000e-09   7.1494641e-01
   1.1000000e-09   9.7413732e-01
   1.2000000e-09   9.5013094e-01
   1.3000000e-09   6.5178855e-01
   1.4000000e-09   1.6687925e-01
   1.5000000e-09  -3.6449699e-01
   1.6000000e-09  -7.9088415e-01
   1.7000000e-09  -9.9268237e-01
   1.8000000e-09  -9.1523143e-01
   1.9000000e-09  -5.8274531e-01
   2.0000000e-09  -8.9837137e-02
   2.1000000e-09   4.2621927e-01
   2.2000000e-09   8.2413071e-01
   2.3000000e-09   9.9713518e-01
   2.4000000e-09   9.0099102e-01
   2.5000000e-09   5.6427715e-01
   2.6000000e-09   7.8957413e-02
   2.7000000e-09  -4.2549489e-01
   2.8000000e-09  -8.1694823e-01
   2.9000000e-09  -9.9499971e-01
   3.0000000e-09  -9.1604268e-01
   3.1000000e-09  -6.0298337e-01
   3.2000000e-09  -1.3776634e-01
   3.3000000e-09   3.6071865e-01
   3.4000000e-09   7.6725710e-01
   3.5000000e-09   9.8154927e-01
   3.6000000e-09   9.5237676e-01
   3.7000000e-09   6.8907064e-01
   3.8000000e-09   2.5796202e-01
   3.9000000e-09  -2.3481728e-01
   4.0000000e-09  -6.6963379e-01
   4.1000000e-09  -9.4223476e-01
   4.2000000e-09  -9.8833169e-01
   4.3000000e-09  -7.9823958e-01
   4.4000000e-09  -4.1840625e-01
   4.5000000e-09   6.0224253e-02
   4.6000000e-09   5.2405191e-01
   4.7000000e-09   8.6364270e-01
   4.8000000e-09   9.9928323e-01
   4.9000000e-09   8.9941429e-01
   5.0000000e-09   5.8778525e-01
   5.1000000e-09   1.3776982e-01
   5.2000000e-09  -3.4479803e-01
   5.3000000e-09  -7.4631208e-01
   5.4000000e-09  -9.7194277e-01
   5.5000000e-09  -9.6794054e-01
   5.6000000e-09  -7.3451194e-01
   5.7000000e-09  -3.2618987e-01
   5.8000000e-09   1.6054918e-01
   5.9000000e-09   6.0972599e-01
   6.0000000e-09   9.1326976e-01
   6.1000000e-09   9.9702706e-01
   6.2000000e-09   8.3915342e-01
   6.3000000e-09   4.7629058e-01
   6.4000000e-09  -4.3008544e-03
   6.5000000e-09  -4.8516633e-01
   6.6000000e-09  -8.4704574e-01
   6.7000000e-09  -9.9849452e-01
   6.8000000e-09  -8.9941582e-01
   6.9000000e-09  -5.7237680e-01
   7.0000000e-09  -9.8377758e-02
   7.1000000e-09   4.0246130e-01
   7.2000000e-09   8.0093565e-01
   7.3000000e-09   9.9215404e-01
   7.4000000e-09   9.2368813e-01
   7.5000000e-09   6.1080717e-01
   7.6000000e-09   1.3418266e-01
   7.7000000e-09  -3.8006982e-01
   7.8000000e-09  -7.9334849e-01
   7.9000000e-09  -9.9205363e-01
   8.0000000e-09  -9.1944969e-01
   8.1000000e-09  -5.9280248e-01
   8.2000000e-09  -1.0038578e-01
   8.3000000e-09   4.2160031e-01
   8.4000000e-09   8.2641080e-01
   8.5000000e-09   9.9826394e-01
   8.6000000e-09   8.8615165e-01
   8.7000000e-09   5.1986823e-01
   8.8000000e-09   2.9815420e-03
   8.9000000e-09  -5.1592267e-01
   9.0000000e-09  -8.8588958e-01
   9.1000000e-09  -9.9788204e-01
   9.2000000e-09  -8.1755945e-01
   9.3000000e-09  -3.9646988e-01
   9.4000000e-09   1.4217992e-01
   9.5000000e-09   6.3940297e-01
   9.6000000e-09   9.4752073e-01
   9.7000000e-09   9.7440178e-01
   9.8000000e-09   7.1141956e-01
   9.9000000e-09   2.3647892e-01
   1.0000000e-08  -3.0901699e-01
   1.0100000e-08  -7.6242914e-01
   1.0200000e-08  -9.8862691e-01
   1.0300000e-08  -9.2044975e-01
   1.0400000e-08  -5.7864876e-01
   1.0500000e-08  -6.5356371e-02
   1.0600000e-08   4.6678787e-01
   1.0700000e-08   8.6036579e-01
   1.0800000e-08   9.9989222e-01
   1.0900000e-08   8.4553864e-01
   1.1000000e-08   4.4402840e-01
   1.1100000e-08  -8.6127301e-02
   1.1200000e-08  -5.9019476e-01
   1.1300000e-08  -9.2269571e-01
   1.1400000e-08  -9.8928870e-01
   1.1500000e-08  -7.7299241e-01
   1.1600000e-08  -3.3761752e-01
   1.1700000e-08   1.9191114e-01
   1.1800000e-08   6.6602991e-01
   1.1900000e-08   9.5295889e-01
   1.2000000e-08   9.7497209e-01
   1.2100000e-08   7.2863564e-01
   1.2200000e-08   2.8400770e-01
   1.2300000e-08  -2.3619361e-01
   1.2400000e-08  -6.9102574e-01
   1.2500000e-08  -9.5954963e-01
   1.2600000e-08  -9.7248649e-01
   1.2700000e-08  -7.2918374e-01
   1.2800000e-08  -2.9603387e-01
   1.2900000e-08   2.1248234e-01
   1.3000000e-08   6.6452327e-01
   1.3100000e-08   9.4504102e-01
   1.3200000e-08   9.8456010e-01
   1.3300000e-08   7.7555814e-01
   1.3400000e-08   3.7285477e-01
   1.3500000e-08  -1.2146448e-01
   1.3600000e-08  -5.8430035e-01
   1.3700000e-08  -9.0215966e-01
   1.3800000e-08  -9.9858271e-01
   1.3900000e-08  -8.5190200e-01
   1.4000000e-08  -4.9941332e-01
   1.4100000e-08  -2.7392885e-02
   1.4200000e-08   4.5027340e-01
   1.4300000e-08   8.1952906e-01
   1.4400000e-08   9.9310122e-01
   1.4500000e-08   9.3071991e-01
   1.4600000e-08   6.4806088e-01
   1.4700000e-08   2.1255153e-01
   1.4800000e-08  -2.7279297e-01
   1.4900000e-08  -6.9363842e-01
   1.5000000e-08  -9.5105652e-01
   1.5100000e-08  -9.8456072e-01
   1.5200000e-08  -7.8618633e-01
   1.5300000e-08  -4.0239647e-01
   1.5400000e-08   7.6641755e-02
   1.5500000e-08   5.3799590e-01
   1.5600000e-08   8.7235960e-01
   1.5700000e-08   9.9983600e-01
   1.5800000e-08   8.8910684e-01
   1.5900000e-08   5.6540337e-01
   1.6000000e-08   1.0520204e-01
   1.6100000e-08  -3.8137933e-01
   1.6200000e-08  -7.7658735e-01
   1.6300000e-08  -9.8343441e-01
   1.6400000e-08  -9.4971868e-01
   1.6500000e-08  -6.8169999e-01
   1.6600000e-08  -2.4375404e-01
   1.6700000e-08   2.5638491e-01
   1.6800000e-08   6.9363589e-01
   1.6900000e-08   9.5673169e-01
   1.7000000e-08   9.7684348e-01
   1.7100000e-08   7.4626495e-01
   1.7200000e-08   3.2194278e-01
   1.7300000e-08  -1.8769003e-01
   1.7400000e-08  -6.4982807e-01
   1.7500000e-08  -9.4177674e-01
   1.7600000e-08  -9.8392047e-01
   1.7700000e-08  -7.6223911e-01
   1.7800000e-08  -3.3381438e-01
   1.7900000e-08   1.8690359e-01
   1.8000000e-08   6.5808830e-01
   1.8100000e-08   9.4911739e-01
   1.8200000e-08   9.7727325e-01
   1.8300000e-08   7.3211905e-01
   1.8400000e-08   2.8013418e-01
   1.8500000e-08  -2.5246406e-01
   1.8600000e-08  -7.1455109e-01
   1.8700000e-08  -9.7308479e-01
   1.8800000e-08  -9.5197364e-01
   1.8900000e-08  -6.5527957e-01
   1.9000000e-08  -1.6743654e-01
   1.9100000e-08   3.7022822e-01
   1.9200000e-08   8.0030015e-01
   1.9300000e-08   9.9563121e-01
   1.9400000e-08   8.9745856e-01
   1.9500000e-08   5.3365414e-01
   1.9600000e-08   1.1247371e-02
   1.9700000e-08  -5.1491720e-01
   1.9800000e-08  -8.8821238e-01
   1.9900000e-08  -9.9715734e-01
   2.0000000e-08  -8.0901699e-01
   2.0100000e-08  -3.7979821e-01
   2.0200000e-08   1.6247413e-01
   2.0300000e-08   6.5616544e-01
   2.0400000e-08   9.5447199e-01
   2.0500000e-08   9.6921937e-01
   2.0600000e-08   6.9683981e-01
   2.0700000e-08   2.1886405e-01
   2.0800000e-08  -3.2294676e-01
   2.0900000e-08  -7.6906842e-01
   2.1000000e-08  -9.8937105e-01
   2.1100000e-08  -9.2090772e-01
   2.1200000e-08  -5.8537052e-01
   2.1300000e-08  -8.1531244e-02
   2.1400000e-08   4.4453479e-01
   2.1500000e-08   8.4223257e-01
   2.1600000e-08   9.9954325e-01
   2.1700000e-08   8.7407477e-01
   2.1800000e-08   5.0360231e-01
   2.1900000e-08  -6.2156755e-03
   2.2000000e-08  -5.1272875e-01
   2.2100000e-08  -8.7654086e-01
   2.2200000e-08  -9.9965712e-01
   2.2300000e-08  -8.5115950e-01
   2.2400000e-08  -4.7391363e-01
   2.2500000e-08   2.8757137e-02
   2.2600000e-08   5.2207229e-01
   2.2700000e-08   8.7615523e-01
   2.2800000e-08   9.9990723e-01
   2.2900000e-08   8.6367840e-01
   2.3000000e-08   5.0534471e-01
   2.3100000e-08   1.8915897e-02
   2.3200000e-08  -4.7072527e-01
   2.3300000e-08  -8.4003994e-01
   2.3400000e-08  -9.9769402e-01
   2.3500000e-08  -9.0648009e-01
   2.3600000e-08  -5.9125928e-01
   2.3700000e-08  -1.3150531e-01
   2.3800000e-08   3.5919604e-01
   2.3900000e-08   7.6132167e-01
   2.4000000e-08   9.7828820e-01
   2.4100000e-08   9.5916449e-01
   2.4200000e-08   7.1004742e-01
   2.4300000e-08   2.9174277e-01
   2.4400000e-08  -1.9536406e-01
   2.4500000e-08  -6.3544079e-01
   2.4600000e-08  -9.2457556e-01
   2.4700000e-08  -9.9500678e-01
   2.4800000e-08  -8.3068790e-01
   2.4900000e-08  -4.7072217e-01
   2.5000000e-08   7.3522137e-15
   2.5100000e-08   4.7072217e-01
   2.5200000e-08   8.3068790e-01
   2.5300000e-08   9.9500678e-01
   2.5400000e-08   9.2457556e-01
   2.5500000e-08   6.3544079e-01
   2.5600000e-08   1.9536406e-01
   2.5700000e-08  -2.9174277e-01
   2.5800000e-08  -7.1004742e-01
   2.5900000e-08  -9.5916449e-01
   2.6000000e-08  -9.7828820e-01
   2.6100000e-08  -7.6132167e-01
   2.6200000e-08  -3.5919604e-01
   2.6300000e-08   1.3150531e-01
   2.6400000e-08   5.9125928e-01
   2.6500000e-08   9.0648009e-01
   2.6600000e-08   9.9769402e-01
   2.6700000e-08   8.4003994e-01
   2.6800000e-08   4.7072527e-01
   2.6900000e-08  -1.8915897e-02
   2.7000000e-08  -5.0534471e-01
   2.7100000e-08  -8.6367840e-01
   2.7200000e-08  -9.9990723e-01
   2.7300000e-08  -8.7615523e-01
   2.7400000e-08  -5.2207229e-01
   2.7500000e-08  -2.8757137e-02
   2.7600000e-08   4.7391363e-01
   2.7700000e-08   8.5115950e-01
   2.7800000e-08   9.9965712e-01
   2.7900000e-08   8.7654086e-01
   2.8000000e-08   5.1272875e-01
   2.8100000e-08   6.2156755e-03
   2.8200000e-08  -5.0360231e-01
   2.8300000e-08  -8.7407477e-01
   2.8400000e-08  -9.9954325e-01
   2.8500000e-08  -8.4223257e-01
   2.8600000e-08  -4.4453479e-01
   2.8700000e-08   8.1531244e-02
   2.8800000e-08   5.8537052e-01
   2.8900000e-08   9.2090772e-01
   2.9000000e-08   9.8937105e-01
   2.9100000e-08   7.6906842e-01
   2.9200000e-08   3.2294676e-01
   2.9300000e-08  -2.1886405e-01
   2.9400000e-08  -6.9683981e-01
   2.9500000e-08  -9.6921937e-01
   2.9600000e-08  -9.5447199e-01
   2.9700000e-08  -6.5616544e-01
   2.9800000e-08  -1.6247413e-01
   2.9900000e-08   3.7979821e-01
   3.0000000e-08   8.0901699e-01
   3.0100000e-08   9.9715734e-01
   3.0200000e-08   8.8821238e-01
   3.0300000e-08   5.1491720e-01
   3.0400000e-08  -1.1247371e-02
   3.0500000e-08  -5.3365414e-01
   3.0600000e-08  -8.9745856e-01
   3.0700000e-08  -9.9563121e-01
   3.0800000e-08  -8.0030015e-01
   3.0900000e-08  -3.7022822e-01
   3.1000000e-08   1.6743654e-01
   3.1100000e-08   6.5527957e-01
   3.1200000e-08   9.5197364e-01
   3.1300000e-08   9.7308479e-01
   3.1400000e-08   7.1455109e-01
   3.1500000e-08   2.5246406e-01
   3.1600000e-08  -2.8013418e-01
   3.1700000e-08  -7.3211905e-01
   3.1800000e-08  -9.7727325e-01
   3.1900000e-08  -9.4911739e-01
   3.2000000e-08  -6.5808830e-01
   3.2100000e-08  -1.8690359e-01
   3.2200000e-08   3.3381438e-01
   3.2300000e-08   7.6223911e-01
   3.2400000e-08   9.8392047e-01
   3.2500000e-08   9.4177674e-01
   3.2600000e-08   6.4982807e-01
   3.2700000e-08   1.8769003e-01
   3.2800000e-08  -3.2194278e-01
   3.2900000e-08  -7.4626495e-01
   3.3000000e-08  -9.7684348e-01
   3.3100000e-08  -9.5673169e-01
   3.3200000e-08  -6.9363589e-01
   3.3300000e-08  -2.5638491e-01
   3.3400000e-08   2.4375404e-01
   3.3500000e-08   6.8169999e-01
   3.3600000e-08   9.4971868e-01
   3.3700000e-08   9.8343441e-01
   3.3800000e-08   7.7658735e-01
   3.3900000e-08   3.8137933e-01
   3.4000000e-08  -1.0520204e-01
   3.4100000e-08  -5.6540337e-01
   3.4200000e-08  -8.8910684e-01
   3.4300000e-08  -9.9983600e-01
   3.4400000e-08  -8.7235960e-01
   3.4500000e-08  -5.3799590e-01
   3.4600000e-08  -7.6641755e-02
   3.4700000e-08   4.0239647e-01
   3.4800000e-08   7.8618633e-01
   3.4900000e-08   9.8456072e-01
   3.5000000e-08   9.5105652e-01
   3.5100000e-08   6.9363842e-01
   3.5200000e-08   2.7279297e-01
   3.5300000e-08  -2.1255153e-01
   3.5400000e-08  -6.4806088e-01
   3.5500000e-08  -9.3071991e-01
   3.5600000e-08  -9.9310122e-01
   3.5700000e-08  -8.1952906e-01
   3.5800000e-08  -4.5027340e-01
   3.5900000e-08   2.7392885e-02
   3.6000000e-08   4.9941332e-01
   3.6100000e-08   8.5190200e-01
   3.6200000e-08   9.9858271e-01
   3.6300000e-08   9.0215966e-01
   3.6400000e-08   5.8430035e-01
   3.6500000e-08   1.2146448e-01
   3.6600000e-08  -3.7285477e-01
   3.6700000e-08  -7.7555814e-01
   3.6800000e-08  -9.8456010e-01
   3.6900000e-08  -9.4504102e-01
   3.7000000e-08  -6.6452327e-01
   3.7100000e-08  -2.1248234e-01
   3.7200000e-08   2.9603387e-01
   3.7300000e-08   7.2918374e-01
   3.7400000e-08   9.7248649e-01
   3.7500000e-08   9.5954963e-01
   3.7600000e-08   6.9102574e-01
   3.7700000e-08   2.3619361e-01
   3.7800000e-08  -2.8400770e-01
   3.7900000e-08  -7.2863564e-01
   3.8000000e-08  -9.7497209e-01
   3.8100000e-08  -9.5295889e-01
   3.8200000e-08  -6.6602991e-01
   3.8300000e-08  -1.9191114e-01
   3.8400000e-08   3.3761752e-01
   3.8500000e-08   7.7299241e-01
   3.8600000e-08   9.8928870e-01
   3.8700000e-08   9.2269571e-01
   3.8800000e-08   5.9019476e-01
   3.8900000e-08   8.6127301e-02
   3.9000000e-08  -4.4402840e-01
   3.9100000e-08  -8.4553864e-01
   3.9200000e-08  -9.9989222e-01
   3.9300000e-08  -8.6036579e-01
   3.9400000e-08  -4.6678787e-01
   3.9500000e-08   6.5356371e-02
   3.9600000e-08   5.7864876e-01
   3.9700000e-08   9.2044975e-01
   3.9800000e-08   9.8862691e-01
   3.9900000e-08   7.6242914e-01
   4.0000000e-08   3.0901699e-01
   4.0100000e-08  -2.3647892e-01
   4.0200000e-08  -7.1141956e-01
   4.0300000e-08  -9.7440178e-01
   4.0400000e-08  -9.4752073e-01
   4.0500000e-08  -6.3940297e-01
   4.0600000e-08  -1.4217992e-01
   4.0700000e-08   3.9646988e-01
   4.0800000e-08   8.1755945e-01
   4.0900000e-08   9.9788204e-01
   4.1000000e-08   8.8588958e-01
   4.1100000e-08   5.1592267e-01
   4.1200000e-08  -2.9815420e-03
   4.1300000e-08  -5.1986823e-01
   4.1400000e-08  -8.8615165e-01
   4.1500000e-08  -9.9826394e-01
   4.1600000e-08  -8.2641080e-01
   4.1700000e-08  -4.2160031e-01
   4.1800000e-08   1.0038578e-01
   4.1900000e-08   5.9280248e-01
   4.2000000e-08   9.1944969e-01
   4.2100000e-08   9.9205363e-01
   4.2200000e-08   7.9334849e-01
   4.2300000e-08   3.8006982e-01
   4.2400000e-08  -1.3418266e-01
   4.2500000e-08  -6.1080717e-01
   4.2600000e-08  -9.2368813e-01
   4.2700000e-08  -9.9215404e-01
   4.2800000e-08  -8.0093565e-01
   4.2900000e-08  -4.0246130e-01
   4.3000000e-08   9.8377758e-02
   4.3100000e-08   5.7237680e-01
   4.3200000e-08   8.9941582e-01
   4.3300000e-08   9.9849452e-01
   4.3400000e-08   8.4704574e-01
   4.3500000e-08   4.8516633e-01
   4.3600000e-08   4.3008544e-03
   4.3700000e-08  -4.7629058e-01
   4.3800000e-08  -8.3915342e-01
   4.3900000e-08  -9.9702706e-01
   4.4000000e-08  -9.1326976e-01
   4.4100000e-08  -6.0972599e-01
   4.4200000e-08  -1.6054918e-01
   4.4300000e-08   3.2618987e-01
   4.4400000e-08   7.3451194e-01
   4.4500000e-08   9.6794054e-01
   4.4600000e-08   9.7194277e-01
   4.4700000e-08   7.4631208e-01
   4.4800000e-08   3.4479803e-01
   4.4900000e-08  -1.3776982e-01
   4.5000000e-08  -5.8778525e-01
   4.5100000e-08  -8.9941429e-01
   4.5200000e-08  -9.9928323e-01
   4.5300000e-08  -8.6364270e-01
   4.5400000e-08  -5.2405191e-01
   4.5500000e-08  -6.0224253e-02
   4.5600000e-08   4.1840625e-01
   4.5700000e-08   7.9823958e-01
   4.5800000e-08   9.8833169e-01
   4.5900000e-08   9.4223476e-01
   4.6000000e-08   6.6963379e-01
   4.6100000e-08   2.3481728e-01
   4.6200000e-08  -2.5796202e-01
   4.6300000e-08  -6.8907064e-01
   4.6400000e-08  -9.5237676e-01
   4.6500000e-08  -9.8154927e-01
   4.6600000e-08  -7.6725710e-01
   4.6700000e-08  -3.6071865e-01
   4.6800000e-08   1.3776634e-01
   4.6900000e-08   6.0298337e-01
   4.7000000e-08   9.1604268e-01
   4.7100000e-08   9.9499971e-01
   4.7200000e-08   8.1694823e-01
   4.7300000e-08   4.2549489e-01
   4.7400000e-08  -7.8957413e-02
   4.7500000e-08  -5.6427715e-01
   4.7600000e-08  -9.0099102e-01
   4.7700000e-08  -9.9713518e-01
   4.7800000e-08  -8.2413071e-01
   4.7900000e-08  -4.2621927e-01
   4.8000000e-08   8.9837137e-02
   4.8100000e-08   5.8274531e-01
   4.8200000e-08   9.1523143e-01
   4.8300000e-08   9.9268237e-01
   4.8400000e-08   7.9088415e-01
   4.8500000e-08   3.6449699e-01
   4.8600000e-08  -1.6687925e-01
   4.8700000e-08  -6.5178855e-01
   4.8800000e-08  -9.5013094e-01
   4.8900000e-08  -9.7413732e-01
   4.9000000e-08  -7.1494641e-01
   4.9100000e-08  -2.4649680e-01
   4.9200000e-08   2.9502062e-01
   4.9300000e-08   7.5059935e-01
   4.9400000e-08   9.8533058e-01
   4.9500000e-08   9.2882692e-01
   4.9600000e-08   5.9684739e-01
   4.9700000e-08   8.7296215e-02
   4.9800000e-08  -4.4853091e-01
   4.9900000e-08  -8.5100534e-01
   5.0000000e-08  -1.0000000e+00
   5.0100000e-08  -8.5100534e-01
   5.0200000e-08  -4.4853091e-01
   5.0300000e-08   8.7296215e-02
   5.0400000e-08   5.9684739e-01
   5.0500000e-08   9.2882692e-01
   5.0600000e-08   9.8533058e-01
   5.0700000e-08   7.5059935e-01
   5.0800000e-08   2.9502062e-01
   5.0900000e-08  -2.4649680e-01
   5.1000000e-08  -7.1494641e-01
   5.1100000e-08  -9.7413732e-01
   5.1200000e-08  -9.5013094e-01
   5.1300000e-08  -6.5178855e-01
   5.1400000e-08  -1.6687925e-01
   5.1500000e-08   3.6449699e-01
   5.1600000e-08   7.9088415e-01
   5.1700000e-08   9.9268237e-01
   5.1800000e-08   9.1523143e-01
   5.1900000e-08   5.8274531e-01
   5.2000000e-08   8.9837137e-02
   5.2100000e-08  -4.2621927e-01
   5.2200000e-08  -8.2413071e-01
   5.2300000e-08  -9.9713518e-01
   5.2400000e-08  -9.0099102e-01
   5.2500000e-08  -5.6427715e-01
   5.2600000e-08  -7.8957413e-02
   5.2700000e-08   4.2549489e-01
   5.2800000e-08   8.1694823e-01
   5.2900000e-08   9.9499971e-01
   5.3000000e-08   9.1604268e-01
   5.3100000e-08   6.0298337e-01
   5.3200000e-08   1.3776634e-01
   5.3300000e-08  -3.6071865e-01
   5.3400000e-08  -7.6725710e-01
   5.3500000e-08  -9.8154927e-01
   5.3600000e-08  -9.5237676e-01
   5.3700000e-08  -6.8907064e-01
   5.3800000e-08  -2.5796202e-01
   5.3900000e-08   2.3481728e-01
   5.4000000e-08   6.6963379e-01
   5.4100000e-08   9.4223476e-01
   5.4200000e-08   9.8833169e-01
   5.4300000e-08   7.9823958e-01
   5.4400000e-08   4.1840625e-01
   5.4500000e-08  -6.0224253e-02
   5.4600000e-08  -5.2405191e-01
   5.4700000e-08  -8.6364270e-01
   5.4800000e-08  -9.9928323e-01
   5.4900000e-08  -8.9941429e-01
   5.5000000e-08  -5.8778525e-01
   5.5100000e-08  -1.3776982e-01
   5.5200000e-08   3.4479803e-01
   5.5300000e-08   7.4631208e-01
   5.5400000e-08   9.7194277e-01
   5.5500000e-08   9.6794054e-01
   5.5600000e-08   7.3451194e-01
   5.5700000e-08   3.2618987e-01
   5.5800000e-08  -1.6054918e-01
   5.5900000e-08  -6.0972599e-01
   5.6000000e-08  -9.1326976e-01
   5.6100000e-08  -9.9702706e-01
   5.6200000e-08  -8.3915342e-01
   5.6300000e-08  -4.7629058e-01
   5.6400000e-08   4.3008544e-03
   5.6500000e-08   4.8516633e-01
   5.6600000e-08   8.4704574e-01
   5.6700000e-08   9.9849452e-01
   5.6800000e-08   8.9941582e-01
   5.6900000e-08   5.7237680e-01
   5.7000000e-08   9.8377758e-02
   5.7100000e-08  -4.0246130e-01
   5.7200000e-08  -8.0093565e-01
   5.7300000e-08  -9.9215404e-01
   5.7400000e-08  -9.2368813e-01
   5.7500000e-08  -6.1080717e-01
   5.7600000e-08  -1.3418266e-01
   5.7700000e-08   3.8006982e-01
   5.7800000e-08   7.9334849e-01
   5.7900000e-08   9.9205363e-01
   5.8000000e-08   9.1944969e-01
   5.8100000e-08   5.9280248e-01
   5.8200000e-08   1.0038578e-01
   5.8300000e-08  -4.2160031e-01
   5.8400000e-08  -8.2641080e-01
   5.8500000e-08  -9.9826394e-01
   5.8600000e-08  -8.8615165e-01
   5.8700000e-08  -5.1986823e-01
   5.8800000e-08  -2.9815420e-03
   5.8900000e-08   5.1592267e-01
   5.9000000e-08   8.8588958e-01
   5.9100000e-08   9.9788204e-01
   5.9200000e-08   8.1755945e-01
   5.9300000e-08   3.9646988e-01
   5.9400000e-08  -1.4217992e-01
   5.9500000e-08  -6.3940297e-01
   5.9600000e-08  -9.4752073e-01
   5.9700000e-08  -9.7440178e-01
   5.9800000e-08  -7.1141956e-01
   5.9900000e-08  -2.3647892e-01
   6.0000000e-08   3.0901699e-01
   6.0100000e-08   7.6242914e-01
   6.0200000e-08   9.8862691e-01
   6.0300000e-08   9.2044975e-01
   6.0400000e-08   5.7864876e-01
   6.0500000e-08   6.5356371e-02
   6.0600000e-08  -4.6678787e-01
   6.0700000e-08  -8.6036579e-01
   6.0800000e-08  -9.9989222e-01
   6.0900000e-08  -8.4553864e-01
   6.1000000e-08  -4.4402840e-01
   6.1100000e-08   8.6127301e-02
   6.1200000e-08   5.9019476e-01
   6.1300000e-08   9.2269571e-01
   6.1400000e-08   9.8928870e-01
   6.1500000e-08   7.7299241e-01
   6.1600000e-08   3.3761752e-01
   6.1700000e-08  -1.9191114e-01
   6.1800000e-08  -6.6602991e-01
   6.1900000e-08  -9.5295889e-01
   6.2000000e-08  -9.7497209e-01
   6.2100000e-08  -7.2863564e-01
   6.2200000e-08  -2.8400770e-01
   6.2300000e-08   2.3619361e-01
   6.2400000e-08   6.9102574e-01
   6.2500000e-08   9.5954963e-01
   6.2600000e-08   9.7248649e-01
   6.2700000e-08   7.2918374e-01
   6.2800000e-08   2.9603387e-01
   6.2900000e-08  -2.1248234e-01
   6.3000000e-08  -6.6452327e-01
   6.3100000e-08  -9.4504102e-01
   6.3200000e-08  -9.8456010e-01
   6.3300000e-08  -7.7555814e-01
   6.3400000e-08  -3.7285477e-01
   6.3500000e-08   1.2146448e-01
   6.3600000e-08   5.8430035e-01
   6.3700000e-08   9.0215966e-01
   6.3800000e-08   9.9858271e-01
   6.3900000e-08   8.5190200e-01
   6.4000000e-08   4.9941332e-01
   6.4100000e-08   2.7392885e-02
   6.4200000e-08  -4.5027340e-01
   6.4300000e-08  -8.1952906e-01
   6.4400000e-08  -9.9310122e-01
   6.4500000e-08  -9.3071991e-01
   6.4600000e-08  -6.4806088e-01
   6.4700000e-08  -2.1255153e-01
   6.4800000e-08   2.7279297e-01
   6.4900000e-08   6.9363842e-01
   6.5000000e-08   9.5105652e-01
   6.5100000e-08   9.8456072e-01
   6.5200000e-08   7.8618633e-01
   6.5300000e-08   4.0239647e-01
   6.5400000e-08  -7.6641755e-02
   6.5500000e-08  -5.3799590e-01
   6.5600000e-08  -8.7235960e-01
   6.5700000e-08  -9.9983600e-01
   6.5800000e-08  -8.8910684e-01
   6.5900000e-08  -5.6540337e-01
   6.6000000e-08  -1.0520204e-01
   6.6100000e-08   3.8137933e-01
   6.6200000e-08   7.7658735e-01
   6.6300000e-08   9.8343441e-01
   6.6400000e-08   9.4971868e-01
   6.6500000e-08   6.8169999e-01
   6.6600000e-08   2.4375404e-01
   6.6700000e-08  -2.5638491e-01
   6.6800000e-08  -6.9363589e-01
   6.6900000e-08  -9.5673169e-01
   6.7000000e-08  -9.7684348e-01
   6.7100000e-08  -7.4626495e-01
   6.7200000e-08  -3.2194278e-01
   6.7300000e-08   1.8769003e-01
   6.7400000e-08   6.4982807e-01
   6.7500000e-08   9.4177674e-01
   6.7600000e-08   9.8392047e-01
   6.7700000e-08   7.6223911e-01
   6.7800000e-08   3.3381438e-01
   6.7900000e-08  -1.8690359e-01
   6.8000000e-08  -6.5808830e-01
   6.8100000e-08  -9.4911739e-01
   6.8200000e-08  -9.7727325e-01
   6.8300000e-08  -7.3211905e-01
   6.8400000e-08  -2.8013418e-01
   6.8500000e-08   2.5246406e-01
   6.8600000e-08   7.1455109e-01
   6.8700000e-08   9.7308479e-01
   6.8800000e-08   9.5197364e-01
   6.8900000e-08   6.5527957e-01
   6.9000000e-08   1.6743654e-01
   6.9100000e-08  -3.7022822e-01
   6.9200000e-08  -8.0030015e-01
   6.9300000e-08  -9.9563121e-01
   6.9400000e-08  -8.9745856e-01
   6.9500000e-08  -5.3365414e-01
   6.9600000e-08  -1.1247371e-02
   6.9700000e-08   5.1491720e-01
   6.9800000e-08   8.8821238e-01
   6.9900000e-08   9.9715734e-01
   7.0000000e-08   8.0901699e-01
   7.0100000e-08   3.7979821e-01
   7.0200000e-08  -1.6247413e-01
   7.0300000e-08  -6.5616544e-01
   7.0400000e-08  -9.5447199e-01
   7.0500000e-08  -9.6921937e-01
   7.0600000e-08  -6.9683981e-01
   7.0700000e-08  -2.1886405e-01
   7.0800000e-08   3.2294676e-01
   7.0900000e-08   7.6906842e-01
   7.1000000e-08   9.8937105e-01
   7.1100000e-08   9.2090772e-01
   7.1200000e-08   5.8537052e-01
   7.1300000e-08   8.1531244e-02
   7.1400000e-08  -4.4453479e-01
   7.1500000e-08  -8.4223257e-01
   7.1600000e-08  -9.9954325e-01
   7.1700000e-08  -8.7407477e-01
   7.1800000e-08  -5.0360231e-01
   7.1900000e-08   6.2156755e-03
   7.2000000e-08   5.1272875e-01
   7.2100000e-08   8.7654086e-01
   7.2200000e-08   9.9965712e-01
   7.2300000e-08   8.5115950e-01
   7.2400000e-08   4.7391363e-01
   7.2500000e-08  -2.8757137e-02
   7.2600000e-08  -5.2207229e-01
   7.2700000e-08  -8.7615523e-01
   7.2800000e-08  -9.9990723e-01
   7.2900000e-08  -8.6367840e-01
   7.3000000e-08  -5.0534471e-01
   7.3100000e-08  -1.8915897e-02
   7.3200000e-08   4.7072527e-01
   7.3300000e-08   8.4003994e-01
   7.3400000e-08   9.9769402e-01
   7.3500000e-08   9.0648009e-01
   7.3600000e-08   5.9125928e-01
   7.3700000e-08   1.3150531e-01
   7.3800000e-08  -3.5919604e-01
   7.3900000e-08  -7.6132167e-01
   7.4000000e-08  -9.7828820e-01
   7.4100000e-08  -9.5916449e-01
   7.4200000e-08  -7.1004742e-01
   7.4300000e-08  -2.9174277e-01
   7.4400000e-08   1.9536406e-01
   7.4500000e-08   6.3544079e-01
   7.4600000e-08   9.2457556e-01
   7.4700000e-08   9.9500678e-01
   7.4800000e-08   8.3068790e-01
   7.4900000e-08   4.7072217e-01
   7.5000000e-08   3.4786778e-14
   7.5100000e-08  -4.7072217e-01
   7.5200000e-08  -8.3068790e-01
   7.5300000e-08  -9.9500678e-01
   7.5400000e-08  -9.2457556e-01
   7.5500000e-08  -6.3544079e-01
   7.5600000e-08  -1.9536406e-01
   7.5700000e-08   2.9174277e-01
   7.5800000e-08   7.1004742e-01
   7.5900000e-08   9.5916449e-01
   7.6000000e-08   9.7828820e-01
   7.6100000e-08   7.6132167e-01
   7.6200000e-08   3.5919604e-01
   7.6300000e-08  -1.3150531e-01
   7.6400000e-08  -5.9125928e-01
   7.6500000e-08  -9.0648009e-01
   7.6600000e-08  -9.9769402e-01
   7.6700000e-08  -8.4003994e-01
   7.6800000e-08  -4.7072527e-01
   7.6900000e-08   1.8915897e-02
   7.7000000e-08   5.0534471e-01
   7.7100000e-08   8.6367840e-01
   7.7200000e-08   9.9990723e-01
   7.7300000e-08   8.7615523e-01
   7.7400000e-08   5.2207229e-01
   7.7500000e-08   2.8757137e-02
   7.7600000e-08  -4.7391363e-01
   7.7700000e-08  -8.5115950e-01
   7.7800000e-08  -9.9965712e-01
   7.7900000e-08  -8.7654086e-01
   7.8000000e-08  -5.1272875e-01
   7.8100000e-08  -6.2156755e-03
   7.8200000e-08   5.0360231e-01
   7.8300000e-08   8.7407477e-01
   7.8400000e-08   9.9954325e-01
   7.8500000e-08   8.4223257e-01
   7.8600000e-08   4.4453479e-01
   7.8700000e-08  -8.1531244e-02
   7.8800000e-08  -5.8537052e-01
   7.8900000e-08  -9.2090772e-01
   7.9000000e-08  -9.8937105e-01
   7.9100000e-08  -7.6906842e-01
   7.9200000e-08  -3.2294676e-01
   7.9300000e-08   2.1886405e-01
   7.9400000e-08   6.9683981e-01
   7.9500000e-08   9.6921937e-01
   7.9600000e-08   9.5447199e-01
   7.9700000e-08   6.5616544e-01
   7.9800000e-08   1.6247413e-01
   7.9900000e-08  -3.7979821e-01
   8.0000000e-08  -8.0901699e-01
   8.0100000e-08  -9.9715734e-01
   8.0200000e-08  -8.8821238e-01
   8.0300000e-08  -5.1491720e-01
   8.0400000e-08   1.1247371e-02
   8.0500000e-08   5.3365414e-01
   8.0600000e-08   8.9745856e-01
   8.0700000e-08   9.9563121e-01
   8.0800000e-08   8.0030015e-01
   8.0900000e-08   3.7022822e-01
   8.1000000e-08  -1.6743654e-01
   8.1100000e-08  -6.5527957e-01
   8.1200000e-08  -9.5197364e-01
   8.1300000e-08  -9.7308479e-01
   8.1400000e-08  -7.1455109e-01
   8.1500000e-08  -2.5246406e-01
   8.1600000e-08   2.8013418e-01
   8.1700000e-08   7.3211905e-01
   8.1800000e-08   9.7727325e-01
   8.1900000e-08   9.4911739e-01
   8.2000000e-08   6.5808830e-01
   8.2100000e-08   1.8690359e-01
   8.2200000e-08  -3.3381438e-01
   8.2300000e-08  -7.6223911e-01
   8.2400000e-08  -9.8392047e-01
   8.2500000e-08  -9.4177674e-01
   8.2600000e-08  -6.4982807e-01
   8.2700000e-08  -1.8769003e-01
   8.2800000e-08   3.2194278e-01
   8.2900000e-08   7.4626495e-01
   8.3000000e-08   9.7684348e-01
   8.3100000e-08   9.5673169e-01
   8.3200000e-08   6.9363589e-01
   8.3300000e-08   2.5638491e-01
   8.3400000e-08  -2.4375404e-01
   8.3500000e-08  -6.8169999e-01
   8.3600000e-08  -9.4971868e-01
   8.3700000e-08  -9.8343441e-01
   8.3800000e-08  -7.7658735e-01
   8.3900000e-08  -3.8137933e-01
   8.4000000e-08   1.0520204e-01
   8.4100000e-08   5.6540337e-01
   8.4200000e-08   8.8910684e-01
   8.4300000e-08   9.9983600e-01
   8.4400000e-08   8.7235960e-01
   8.4500000e-08   5.3799590e-01
   8.4600000e-08   7.6641755e-02
   8.4700000e-08  -4.0239647e-01
   8.4800000e-08  -7.8618633e-01
   8.4900000e-08  -9.8456072e-01
   8.5000000e-08  -9.5105652e-01
   8.5100000e-08  -6.9363842e-01
   8.5200000e-08  -2.7279297e-01
   8.5300000e-08   2.1255153e-01
   8.5400000e-08   6.4806088e-01
   8.5500000e-08   9.3071991e-01
   8.5600000e-08   9.9310122e-01
   8.5700000e-08   8.1952906e-01
   8.5800000e-08   4.5027340e-01
   8.5900000e-08  -2.7392885e-02
   8.6000000e-08  -4.9941332e-01
   8.6100000e-08  -8.5190200e-01
   8.6200000e-08  -9.9858271e-01
   8.6300000e-08  -9.0215966e-01
   8.6400000e-08  -5.8430035e-01
   8.6500000e-08  -1.2146448e-01
   8.6600000e-08   3.7285477e-01
   8.6700000e-08   7.7555814e-01
   8.6800000e-08   9.8456010e-01
   8.6900000e-08   9.4504102e-01
   8.7000000e-08   6.6452327e-01
   8.7100000e-08   2.1248234e-01
   8.7200000e-08  -2.9603387e-01
   8.7300000e-08  -7.2918374e-01
   8.7400000e-08  -9.7248649e-01
   8.7500000e-08  -9.5954963e-01
   8.7600000e-08  -6.9102574e-01
   8.7700000e-08  -2.3619361e-01
   8.7800000e-08   2.8400770e-01
   8.7900000e-08   7.2863564e-01
   8.8000000e-08   9.7497209e-01
   8.8100000e-08   9.5295889e-01
   8.8200000e-08   6.6602991e-01
   8.8300000e-08   1.9191114e-01
   8.8400000e-08  -3.3761752e-01
   8.8500000e-08  -7.7299241e-01
   8.8600000e-08  -9.8928870e-01
   8.8700000e-08  -9.2269571e-01
   8.8800000e-08  -5.9019476e-01
   8.8900000e-08  -8.6127301e-02
   8.9000000e-08   4.4402840e-01
   8.9100000e-08   8.4553864e-01
   8.9200000e-08   9.9989222e-01
   8.9300000e-08   8.6036579e-01
   8.9400000e-08   4.6678787e-01
   8.9500000e-08  -6.5356371e-02
   8.9600000e-08  -5.7864876e-01
   8.9700000e-08  -9.2044975e-01
   8.9800000e-08  -9.8862691e-01
   8.9900000e-08  -7.6242914e-01
   9.0000000e-08  -3.0901699e-01
   9.0100000e-08   2.3647892e-01
   9.0200000e-08   7.1141956e-01
   9.0300000e-08   9.7440178e-01
   9.0400000e-08   9.4752073e-01
   9.0500000e-08   6.3940297e-01
   9.0600000e-08   1.4217992e-01
   9.0700000e-08  -3.9646988e-01
   9.0800000e-08  -8.1755945e-01
   9.0900000e-08  -9.9788204e-01
   9.1000000e-08  -8.8588958e-01
   9.1100000e-08  -5.1592267e-01
   9.1200000e-08   2.9815420e-03
   9.1300000e-08   5.1986823e-01
   9.1400000e-08   8.8615165e-01
   9.1500000e-08   9.9826394e-01
   9.1600000e-08   8.2641080e-01
   9.1700000e-08   4.2160031e-01
   9.1800000e-08  -1.0038578e-01
   9.1900000e-08  -5.9280248e-01
   9.2000000e-08  -9.1944969e-01
   9.2100000e-08  -9.9205363e-01
   9.2200000e-08  -7.9334849e-01
   9.2300000e-08  -3.8006982e-01
   9.2400000e-08   1.3418266e-01
   9.2500000e-08   6.1080717e-01
   9.2600000e-08   9.2368813e-01
   9.2700000e-08   9.9215404e-01
   9.2800000e-08   8.0093565e-01
   9.2900000e-08   4.0246130e-01
   9.3000000e-08  -9.8377758e-02
   9.3100000e-08  -5.7237680e-01
   9.3200000e-08  -8.9941582e-01
   9.3300000e-08  -9.9849452e-01
   9.3400000e-08  -8.4704574e-01
   9.3500000e-08  -4.8516633e-01
   9.3600000e-08  -4.3008544e-03
   9.3700000e-08   4.7629058e-01
   9.3800000e-08   8.3915342e-01
   9.3900000e-08   9.9702706e-01
   9.4000000e-08   9.1326976e-01
   9.4100000e-08   6.0972599e-01
   9.4200000e-08   1.6054918e-01
   9.4300000e-08  -3.2618987e-01
   9.4400000e-08  -7.3451194e-01
   9.4500000e-08  -9.6794054e-01
   9.4600000e-08  -9.7194277e-01
   9.4700000e-08  -7.4631208e-01
   9.4800000e-08  -3.4479803e-01
   9.4900000e-08   1.3776982e-01
   9.5000000e-08   5.8778525e-01
   9.5100000e-08   8.9941429e-01
   9.5200000e-08   9.9928323e-01
   9.5300000e-08   8.6364270e-01
   9.5400000e-08   5.2405191e-01
   9.5500000e-08   6.0224253e-02
   9.5600000e-08  -4.1840625e-01
   9.5700000e-08  -7.9823958e-01
   9.5800000e-08  -9.8833169e-01
   9.5900000e-08  -9.4223476e-01
   9.6000000e-08  -6.6963379e-01
   9.6100000e-08  -2.3481728e-01
   9.6200000e-08   2.5796202e-01
   9.6300000e-08   6.8907064e-01
   9.6400000e-08   9.5237676e-01
   9.6500000e-08   9.8154927e-01
   9.6600000e-08   7.6725710e-01
   9.6700000e-08   3.6071865e-01
   9.6800000e-08  -1.3776634e-01
   9.6900000e-08  -6.0298337e-01
   9.7000000e-08  -9.1604268e-01
   9.7100000e-08  -9.9499971e-01
   9.7200000e-08  -8.1694823e-01
   9.7300000e-08  -4.2549489e-01
   9.7400000e-08   7.8957413e-02
   9.7500000e-08   5.6427715e-01
   9.7600000e-08   9.0099102e-01
   9.7700000e-08   9.9713518e-01
   9.7800000e-08   8.2413071e-01
   9.7900000e-08   4.2621927e-01
   9.8000000e-08  -8.9837137e-02
   9.8100000e-08  -5.8274531e-01
   9.8200000e-08  -9.1523143e-01
   9.8300000e-08  -9.9268237e-01
   9.8400000e-08  -7.9088415e-01
   9.8500000e-08  -3.6449699e-01
   9.8600000e-08   1.6687925e-01
   9.8700000e-08   6.5178855e-01
   9.8800000e-08   9.5013094e-01
   9.8900000e-08   9.7413732e-01
   9.9000000e-08   7.1494641e-01
   9.9100000e-08   2.4649680e-01
   9.9200000e-08  -2.9502062e-01
   9.9300000e-08  -7.5059935e-01
   9.9400000e-08  -9.8533058e-01
   9.9500000e-08  -9.2882692e-01
   9.9600000e-08  -5.9684739e-01
   9.9700000e-08  -8.7296215e-02
   9.9800000e-08   4.4853091e-01
   9.9900000e-08   8.5100534e-01
   1.0000000e-07   1.0000000e+00
