   0.0000000e+00   1.0000000e+00
   1.0000000e-10   8.6392550e-01
   2.0000000e-10   4.9275610e-01
   3.0000000e-10  -1.2454624e-02
   4.0000000e-10  -5.1421334e-01
   5.0000000e-10  -8.7605883e-01
   6.0000000e-10  -9.9970608e-01
   7.0000000e-10  -8.5173118e-01
   8.0000000e-10  -4.7254699e-01
   9.0000000e-10   3.4726140e-02
   1.0000000e-09   5.3240006e-01
   1.1000000e-09   8.8565449e-01
   1.2000000e-09   9.9906175e-01
   1.3000000e-09   8.4229549e-01
   1.4000000e-09   4.5811105e-01
   1.5000000e-09  -4.9465578e-02
   1.6000000e-09  -5.4343296e-01
   1.7000000e-09  -8.9085488e-01
   1.8000000e-09  -9.9860727e-01
   1.9000000e-09  -8.3822136e-01
   2.0000000e-09  -4.5322596e-01
   2.1000000e-09   5.2851383e-02
   2.2000000e-09   5.4446471e-01
   2.3000000e-09   8.9040671e-01
   2.4000000e-09   9.9877328e-01
   2.5000000e-09   8.4123178e-01
   2.6000000e-09   4.6022656e-01
   2.7000000e-09  -4.2649862e-02
   2.8000000e-09  -5.3388153e-01
   2.9000000e-09  -8.8351701e-01
   3.0000000e-09  -9.9947925e-01
   3.1000000e-09  -8.5166084e-01
   3.2000000e-09  -4.7954551e-01
   3.3000000e-09   1.8514572e-02
   3.4000000e-09   5.1140772e-01
   3.5000000e-09   8.6979931e-01
   3.6000000e-09   9.9999863e-01
   3.7000000e-09   8.6831413e-01
   3.8000000e-09   5.0960968e-01
   3.9000000e-09   1.7938048e-02
   4.0000000e-09  -4.7819777e-01
   4.1000000e-09  -8.4943308e-01
   4.2000000e-09  -9.9920851e-01
   4.3000000e-09  -8.8878099e-01
   4.4000000e-09  -5.4713673e-01
   4.5000000e-09  -6.3303724e-02
   4.6000000e-09   4.3687853e-01
   4.7000000e-09   8.2346938e-01
   4.8000000e-09   9.9613071e-01
   4.9000000e-09   9.1010768e-01
   5.0000000e-09   5.8778525e-01
   5.1000000e-09   1.1285228e-01
   5.2000000e-09  -3.9140408e-01
   5.3000000e-09  -7.9405813e-01
   5.4000000e-09  -9.9049773e-01
   5.5000000e-09  -9.2958706e-01
   5.6000000e-09  -6.2700089e-01
   5.7000000e-09  -1.6125134e-01
   5.8000000e-09   3.4660423e-01
   5.9000000e-09   7.6435831e-01
   6.0000000e-09   9.8303870e-01
   6.1000000e-09   9.4536033e-01
   6.2000000e-09   6.6081640e-01
   6.3000000e-09   2.0341418e-01
   6.4000000e-09  -3.0744438e-01
   6.5000000e-09  -7.3803946e-01
   6.6000000e-09  -9.7531287e-01
   6.7000000e-09  -9.5661481e-01
   6.8000000e-09  -6.8638056e-01
   6.9000000e-09  -2.3526471e-01
   7.0000000e-09   2.7816719e-01
   7.1000000e-09   7.1849577e-01
   7.2000000e-09   9.6915314e-01
   7.3000000e-09   9.6337066e-01
   7.4000000e-09   7.0213158e-01
   7.5000000e-09   2.5425725e-01
   7.6000000e-09  -2.6154452e-01
   7.7000000e-09  -7.0803919e-01
   7.8000000e-09  -9.6597960e-01
   7.9000000e-09  -9.6605928e-01
   8.0000000e-09  -7.0771313e-01
   8.1000000e-09  -2.5961514e-01
   8.2000000e-09   2.5840974e-01
   8.3000000e-09   7.0734286e-01
   8.4000000e-09   9.6629686e-01
   8.5000000e-09   9.6517796e-01
   8.6000000e-09   7.0382525e-01
   8.7000000e-09   2.5235111e-01
   8.8000000e-09  -2.6753830e-01
   8.9000000e-09  -7.1530047e-01
   9.0000000e-09  -9.6958322e-01
   9.1000000e-09  -9.6121387e-01
   9.2000000e-09  -6.9214626e-01
   9.3000000e-09  -2.3513424e-01
   9.4000000e-09   2.8586903e-01
   9.5000000e-09   7.2932054e-01
   9.6000000e-09   9.7458599e-01
   9.7000000e-09   9.5483144e-01
   9.8000000e-09   6.7530843e-01
   9.9000000e-09   2.1200307e-01
   1.0000000e-08  -3.0901699e-01
   1.0100000e-08  -7.4593839e-01
   1.0200000e-08  -9.7984845e-01
   1.0300000e-08  -9.4713406e-01
   1.0400000e-08  -6.5678467e-01
   1.0500000e-08  -1.8788641e-01
   1.0600000e-08   3.3198331e-01
   1.0700000e-08   7.6153305e-01
   1.0800000e-08   9.8419637e-01
   1.0900000e-08   9.3975193e-01
   1.1000000e-08   6.4054189e-01
   1.1100000e-08   1.6793590e-01
   1.1200000e-08  -3.4991581e-01
   1.1300000e-08  -7.7291835e-01
   1.1400000e-08  -9.8695345e-01
   1.1500000e-08  -9.3460656e-01
   1.1600000e-08  -6.3043682e-01
   1.1700000e-08  -1.5676427e-01
   1.1800000e-08   3.5876349e-01
   1.1900000e-08   7.7766442e-01
   1.2000000e-08   9.8782218e-01
   1.2100000e-08   9.3339533e-01
   1.2200000e-08   6.2948190e-01
   1.2300000e-08   1.5773758e-01
   1.2400000e-08  -3.5573132e-01
   1.2500000e-08  -7.7416708e-01
   1.2600000e-08  -9.8656724e-01
   1.2700000e-08  -9.3701160e-01
   1.2800000e-08  -6.3919621e-01
   1.2900000e-08  -1.7245222e-01
   1.3000000e-08   3.3954495e-01
   1.3100000e-08   7.6162005e-01
   1.3200000e-08   9.8275598e-01
   1.3300000e-08   9.4517218e-01
   1.3400000e-08   6.5924552e-01
   1.3500000e-08   2.0047392e-01
   1.3600000e-08  -3.1058876e-01
   1.3700000e-08  -7.4006183e-01
   1.3800000e-08  -9.7577250e-01
   1.3900000e-08  -9.5644665e-01
   1.4000000e-08  -6.8749622e-01
   1.4100000e-08  -2.3937980e-01
   1.4200000e-08   2.7094059e-01
   1.4300000e-08   7.1054820e-01
   1.4400000e-08   9.6514998e-01
   1.4500000e-08   9.6871092e-01
   1.4600000e-08   7.2049195e-01
   1.4700000e-08   2.8512606e-01
   1.4800000e-08  -2.2423856e-01
   1.4900000e-08  -6.7532976e-01
   1.5000000e-08  -9.5105652e-01
   1.5100000e-08  -9.7985423e-01
   1.5200000e-08  -7.5422968e-01
   1.5300000e-08  -3.3271447e-01
   1.5400000e-08   1.7528273e-01
   1.5500000e-08   6.3782012e-01
   1.5600000e-08   9.3464459e-01
   1.5700000e-08   9.8843980e-01
   1.5800000e-08   7.8499532e-01
   1.5900000e-08   3.7703366e-01
   1.6000000e-08  -1.2935356e-01
   1.6100000e-08  -6.0220286e-01
   1.6200000e-08  -9.1801667e-01
   1.6300000e-08  -9.9403101e-01
   1.6400000e-08  -8.0998756e-01
   1.6500000e-08  -4.1366584e-01
   1.6600000e-08   9.1368788e-02
   1.6700000e-08   5.7270590e-01
   1.6800000e-08   9.0375203e-01
   1.6900000e-08   9.9706242e-01
   1.7000000e-08   8.2756247e-01
   1.7100000e-08   4.3946220e-01
   1.7200000e-08  -6.5088048e-02
   1.7300000e-08  -5.5274595e-01
   1.7400000e-08  -8.9416774e-01
   1.7500000e-08  -9.9837140e-01
   1.7600000e-08  -8.3712988e-01
   1.7700000e-08  -4.5281443e-01
   1.7800000e-08   5.2543515e-02
   1.7900000e-08   5.4420609e-01
   1.8000000e-08   8.9061673e-01
   1.8100000e-08   9.9867233e-01
   1.8200000e-08   8.3890126e-01
   1.8300000e-08   4.5369294e-01
   1.8400000e-08  -5.3771338e-02
   1.8500000e-08  -5.4704721e-01
   1.8600000e-08  -8.9309898e-01
   1.8700000e-08  -9.9825705e-01
   1.8800000e-08  -8.3371398e-01
   1.8900000e-08  -4.4357448e-01
   1.9000000e-08   6.6835322e-02
   1.9100000e-08   5.5933670e-01
   1.9200000e-08   9.0031691e-01
   1.9300000e-08   9.9705213e-01
   1.9400000e-08   8.2302930e-01
   1.9500000e-08   4.2531395e-01
   1.9600000e-08  -8.8113926e-02
   1.9700000e-08  -5.7766366e-01
   1.9800000e-08  -9.1011966e-01
   1.9900000e-08  -9.9495060e-01
   2.0000000e-08  -8.0901699e-01
   2.0100000e-08  -4.0291022e-01
   2.0200000e-08   1.1282355e-01
   2.0300000e-08   5.9781567e-01
   2.0400000e-08   9.2012859e-01
   2.0500000e-08   9.9217902e-01
   2.0600000e-08   7.9452911e-01
   2.0700000e-08   3.8107787e-01
   2.0800000e-08  -1.3571981e-01
   2.0900000e-08  -6.1552478e-01
   2.1000000e-08  -9.2827672e-01
   2.1100000e-08  -9.8944458e-01
   2.1200000e-08  -7.8280188e-01
   2.1300000e-08  -3.6460568e-01
   2.1400000e-08   1.5185972e-01
   2.1500000e-08   6.2708420e-01
   2.1600000e-08   9.3306434e-01
   2.1700000e-08   9.8774052e-01
   2.1800000e-08   7.7687924e-01
   2.1900000e-08   3.5759831e-01
   2.2000000e-08  -1.5728172e-01
   2.2100000e-08  -6.2972142e-01
   2.2200000e-08  -9.3350592e-01
   2.2300000e-08  -9.8789390e-01
   2.2400000e-08  -7.7891924e-01
   2.2500000e-08  -3.6277021e-01
   2.2600000e-08   1.4950552e-01
   2.2700000e-08   6.2175488e-01
   2.2800000e-08   9.2892651e-01
   2.2900000e-08   9.9009834e-01
   2.3000000e-08   7.8962893e-01
   2.3100000e-08   3.8095376e-01
   2.3200000e-08  -1.2783109e-01
   2.3300000e-08  -6.0266310e-01
   2.3400000e-08  -9.1884386e-01
   2.3500000e-08  -9.9369900e-01
   2.3600000e-08  -8.0804422e-01
   2.3700000e-08  -4.1093077e-01
   2.3800000e-08   9.3450896e-02
   2.3900000e-08   5.7317849e-01
   2.4000000e-08   9.0309380e-01
   2.4100000e-08   9.9737793e-01
   2.4200000e-08   8.3175802e-01
   2.4300000e-08   4.4963806e-01
   2.4400000e-08  -4.9358762e-02
   2.4500000e-08  -5.3539255e-01
   2.4600000e-08  -8.8216705e-01
   2.4700000e-08  -9.9968698e-01
   2.4800000e-08  -8.5754366e-01
   2.4900000e-08  -4.9273094e-01
   2.5000000e-08   7.3522137e-15
   2.5100000e-08   4.9273094e-01
   2.5200000e-08   8.5754366e-01
   2.5300000e-08   9.9968698e-01
   2.5400000e-08   8.8216705e-01
   2.5500000e-08   5.3539255e-01
   2.5600000e-08   4.9358762e-02
   2.5700000e-08  -4.4963806e-01
   2.5800000e-08  -8.3175802e-01
   2.5900000e-08  -9.9737793e-01
   2.6000000e-08  -9.0309380e-01
   2.6100000e-08  -5.7317849e-01
   2.6200000e-08  -9.3450896e-02
   2.6300000e-08   4.1093077e-01
   2.6400000e-08   8.0804422e-01
   2.6500000e-08   9.9369900e-01
   2.6600000e-08   9.1884386e-01
   2.6700000e-08   6.0266310e-01
   2.6800000e-08   1.2783109e-01
   2.6900000e-08  -3.8095376e-01
   2.7000000e-08  -7.8962893e-01
   2.7100000e-08  -9.9009834e-01
   2.7200000e-08  -9.2892651e-01
   2.7300000e-08  -6.2175488e-01
   2.7400000e-08  -1.4950552e-01
   2.7500000e-08   3.6277021e-01
   2.7600000e-08   7.7891924e-01
   2.7700000e-08   9.8789390e-01
   2.7800000e-08   9.3350592e-01
   2.7900000e-08   6.2972142e-01
   2.8000000e-08   1.5728172e-01
   2.8100000e-08  -3.5759831e-01
   2.8200000e-08  -7.7687924e-01
   2.8300000e-08  -9.8774052e-01
   2.8400000e-08  -9.3306434e-01
   2.8500000e-08  -6.2708420e-01
   2.8600000e-08  -1.5185972e-01
   2.8700000e-08   3.6460568e-01
   2.8800000e-08   7.8280188e-01
   2.8900000e-08   9.8944458e-01
   2.9000000e-08   9.2827672e-01
   2.9100000e-08   6.1552478e-01
   2.9200000e-08   1.3571981e-01
   2.9300000e-08  -3.8107787e-01
   2.9400000e-08  -7.9452911e-01
   2.9500000e-08  -9.9217902e-01
   2.9600000e-08  -9.2012859e-01
   2.9700000e-08  -5.9781567e-01
   2.9800000e-08  -1.1282355e-01
   2.9900000e-08   4.0291022e-01
   3.0000000e-08   8.0901699e-01
   3.0100000e-08   9.9495060e-01
   3.0200000e-08   9.1011966e-01
   3.0300000e-08   5.7766366e-01
   3.0400000e-08   8.8113926e-02
   3.0500000e-08  -4.2531395e-01
   3.0600000e-08  -8.2302930e-01
   3.0700000e-08  -9.9705213e-01
   3.0800000e-08  -9.0031691e-01
   3.0900000e-08  -5.5933670e-01
   3.1000000e-08  -6.6835322e-02
   3.1100000e-08   4.4357448e-01
   3.1200000e-08   8.3371398e-01
   3.1300000e-08   9.9825705e-01
   3.1400000e-08   8.9309898e-01
   3.1500000e-08   5.4704721e-01
   3.1600000e-08   5.3771338e-02
   3.1700000e-08  -4.5369294e-01
   3.1800000e-08  -8.3890126e-01
   3.1900000e-08  -9.9867233e-01
   3.2000000e-08  -8.9061673e-01
   3.2100000e-08  -5.4420609e-01
   3.2200000e-08  -5.2543515e-02
   3.2300000e-08   4.5281443e-01
   3.2400000e-08   8.3712988e-01
   3.2500000e-08   9.9837140e-01
   3.2600000e-08   8.9416774e-01
   3.2700000e-08   5.5274595e-01
   3.2800000e-08   6.5088048e-02
   3.2900000e-08  -4.3946220e-01
   3.3000000e-08  -8.2756247e-01
   3.3100000e-08  -9.9706242e-01
   3.3200000e-08  -9.0375203e-01
   3.3300000e-08  -5.7270590e-01
   3.3400000e-08  -9.1368788e-02
   3.3500000e-08   4.1366584e-01
   3.3600000e-08   8.0998756e-01
   3.3700000e-08   9.9403101e-01
   3.3800000e-08   9.1801667e-01
   3.3900000e-08   6.0220286e-01
   3.4000000e-08   1.2935356e-01
   3.4100000e-08  -3.7703366e-01
   3.4200000e-08  -7.8499532e-01
   3.4300000e-08  -9.8843980e-01
   3.4400000e-08  -9.3464459e-01
   3.4500000e-08  -6.3782012e-01
   3.4600000e-08  -1.7528273e-01
   3.4700000e-08   3.3271447e-01
   3.4800000e-08   7.5422968e-01
   3.4900000e-08   9.7985423e-01
   3.5000000e-08   9.5105652e-01
   3.5100000e-08   6.7532976e-01
   3.5200000e-08   2.2423856e-01
   3.5300000e-08  -2.8512606e-01
   3.5400000e-08  -7.2049195e-01
   3.5500000e-08  -9.6871092e-01
   3.5600000e-08  -9.6514998e-01
   3.5700000e-08  -7.1054820e-01
   3.5800000e-08  -2.7094059e-01
   3.5900000e-08   2.3937980e-01
   3.6000000e-08   6.8749622e-01
   3.6100000e-08   9.5644665e-01
   3.6200000e-08   9.7577250e-01
   3.6300000e-08   7.4006183e-01
   3.6400000e-08   3.1058876e-01
   3.6500000e-08  -2.0047392e-01
   3.6600000e-08  -6.5924552e-01
   3.6700000e-08  -9.4517218e-01
   3.6800000e-08  -9.8275598e-01
   3.6900000e-08  -7.6162005e-01
   3.7000000e-08  -3.3954495e-01
   3.7100000e-08   1.7245222e-01
   3.7200000e-08   6.3919621e-01
   3.7300000e-08   9.3701160e-01
   3.7400000e-08   9.8656724e-01
   3.7500000e-08   7.7416708e-01
   3.7600000e-08   3.5573132e-01
   3.7700000e-08  -1.5773758e-01
   3.7800000e-08  -6.2948190e-01
   3.7900000e-08  -9.3339533e-01
   3.8000000e-08  -9.8782218e-01
   3.8100000e-08  -7.7766442e-01
   3.8200000e-08  -3.5876349e-01
   3.8300000e-08   1.5676427e-01
   3.8400000e-08   6.3043682e-01
   3.8500000e-08   9.3460656e-01
   3.8600000e-08   9.8695345e-01
   3.8700000e-08   7.7291835e-01
   3.8800000e-08   3.4991581e-01
   3.8900000e-08  -1.6793590e-01
   3.9000000e-08  -6.4054189e-01
   3.9100000e-08  -9.3975193e-01
   3.9200000e-08  -9.8419637e-01
   3.9300000e-08  -7.6153305e-01
   3.9400000e-08  -3.3198331e-01
   3.9500000e-08   1.8788641e-01
   3.9600000e-08   6.5678467e-01
   3.9700000e-08   9.4713406e-01
   3.9800000e-08   9.7984845e-01
   3.9900000e-08   7.4593839e-01
   4.0000000e-08   3.0901699e-01
   4.0100000e-08  -2.1200307e-01
   4.0200000e-08  -6.7530843e-01
   4.0300000e-08  -9.5483144e-01
   4.0400000e-08  -9.7458599e-01
   4.0500000e-08  -7.2932054e-01
   4.0600000e-08  -2.8586903e-01
   4.0700000e-08   2.3513424e-01
   4.0800000e-08   6.9214626e-01
   4.0900000e-08   9.6121387e-01
   4.1000000e-08   9.6958322e-01
   4.1100000e-08   7.1530047e-01
   4.1200000e-08   2.6753830e-01
   4.1300000e-08  -2.5235111e-01
   4.1400000e-08  -7.0382525e-01
   4.1500000e-08  -9.6517796e-01
   4.1600000e-08  -9.6629686e-01
   4.1700000e-08  -7.0734286e-01
   4.1800000e-08  -2.5840974e-01
   4.1900000e-08   2.5961514e-01
   4.2000000e-08   7.0771313e-01
   4.2100000e-08   9.6605928e-01
   4.2200000e-08   9.6597960e-01
   4.2300000e-08   7.0803919e-01
   4.2400000e-08   2.6154452e-01
   4.2500000e-08  -2.5425725e-01
   4.2600000e-08  -7.0213158e-01
   4.2700000e-08  -9.6337066e-01
   4.2800000e-08  -9.6915314e-01
   4.2900000e-08  -7.1849577e-01
   4.3000000e-08  -2.7816719e-01
   4.3100000e-08   2.3526471e-01
   4.3200000e-08   6.8638056e-01
   4.3300000e-08   9.5661481e-01
   4.3400000e-08   9.7531287e-01
   4.3500000e-08   7.3803946e-01
   4.3600000e-08   3.0744438e-01
   4.3700000e-08  -2.0341418e-01
   4.3800000e-08  -6.6081640e-01
   4.3900000e-08  -9.4536033e-01
   4.4000000e-08  -9.8303870e-01
   4.4100000e-08  -7.6435831e-01
   4.4200000e-08  -3.4660423e-01
   4.4300000e-08   1.6125134e-01
   4.4400000e-08   6.2700089e-01
   4.4500000e-08   9.2958706e-01
   4.4600000e-08   9.9049773e-01
   4.4700000e-08   7.9405813e-01
   4.4800000e-08   3.9140408e-01
   4.4900000e-08  -1.1285228e-01
   4.5000000e-08  -5.8778525e-01
   4.5100000e-08  -9.1010768e-01
   4.5200000e-08  -9.9613071e-01
   4.5300000e-08  -8.2346938e-01
   4.5400000e-08  -4.3687853e-01
   4.5500000e-08   6.3303724e-02
   4.5600000e-08   5.4713673e-01
   4.5700000e-08   8.8878099e-01
   4.5800000e-08   9.9920851e-01
   4.5900000e-08   8.4943308e-01
   4.6000000e-08   4.7819777e-01
   4.6100000e-08  -1.7938048e-02
   4.6200000e-08  -5.0960968e-01
   4.6300000e-08  -8.6831413e-01
   4.6400000e-08  -9.9999863e-01
   4.6500000e-08  -8.6979931e-01
   4.6600000e-08  -5.1140772e-01
   4.6700000e-08  -1.8514572e-02
   4.6800000e-08   4.7954551e-01
   4.6900000e-08   8.5166084e-01
   4.7000000e-08   9.9947925e-01
   4.7100000e-08   8.8351701e-01
   4.7200000e-08   5.3388153e-01
   4.7300000e-08   4.2649862e-02
   4.7400000e-08  -4.6022656e-01
   4.7500000e-08  -8.4123178e-01
   4.7600000e-08  -9.9877328e-01
   4.7700000e-08  -8.9040671e-01
   4.7800000e-08  -5.4446471e-01
   4.7900000e-08  -5.2851383e-02
   4.8000000e-08   4.5322596e-01
   4.8100000e-08   8.3822136e-01
   4.8200000e-08   9.9860727e-01
   4.8300000e-08   8.9085488e-01
   4.8400000e-08   5.4343296e-01
   4.8500000e-08   4.9465578e-02
   4.8600000e-08  -4.5811105e-01
   4.8700000e-08  -8.4229549e-01
   4.8800000e-08  -9.9906175e-01
   4.8900000e-08  -8.8565449e-01
   4.9000000e-08  -5.3240006e-01
   4.9100000e-08  -3.4726140e-02
   4.9200000e-08   4.7254699e-01
   4.9300000e-08   8.5173118e-01
   4.9400000e-08   9.9970608e-01
   4.9500000e-08   8.7605883e-01
   4.9600000e-08   5.1421334e-01
   4.9700000e-08   1.2454624e-02
   4.9800000e-08  -4.9275610e-01
   4.9900000e-08  -8.6392550e-01
   5.0000000e-08  -1.0000000e+00
   5.0100000e-08  -8.6392550e-01
   5.0200000e-08  -4.9275610e-01
   5.0300000e-08   1.2454624e-02
   5.0400000e-08   5.1421334e-01
   5.0500000e-08   8.7605883e-01
   5.0600000e-08   9.9970608e-01
   5.0700000e-08   8.5173118e-01
   5.0800000e-08   4.7254699e-01
   5.0900000e-08  -3.4726140e-02
   5.1000000e-08  -5.3240006e-01
   5.1100000e-08  -8.8565449e-01
   5.1200000e-08  -9.9906175e-01
   5.1300000e-08  -8.4229549e-01
   5.1400000e-08  -4.5811105e-01
   5.1500000e-08   4.9465578e-02
   5.1600000e-08   5.4343296e-01
   5.1700000e-08   8.9085488e-01
   5.1800000e-08   9.9860727e-01
   5.1900000e-08   8.3822136e-01
   5.2000000e-08   4.5322596e-01
   5.2100000e-08  -5.2851383e-02
   5.2200000e-08  -5.4446471e-01
   5.2300000e-08  -8.9040671e-01
   5.2400000e-08  -9.9877328e-01
   5.2500000e-08  -8.4123178e-01
   5.2600000e-08  -4.6022656e-01
   5.2700000e-08   4.2649862e-02
   5.2800000e-08   5.3388153e-01
   5.2900000e-08   8.8351701e-01
   5.3000000e-08   9.9947925e-01
   5.3100000e-08   8.5166084e-01
   5.3200000e-08   4.7954551e-01
   5.3300000e-08  -1.8514572e-02
   5.3400000e-08  -5.1140772e-01
   5.3500000e-08  -8.6979931e-01
   5.3600000e-08  -9.9999863e-01
   5.3700000e-08  -8.6831413e-01
   5.3800000e-08  -5.0960968e-01
   5.3900000e-08  -1.7938048e-02
   5.4000000e-08   4.7819777e-01
   5.4100000e-08   8.4943308e-01
   5.4200000e-08   9.9920851e-01
   5.4300000e-08   8.8878099e-01
   5.4400000e-08   5.4713673e-01
   5.4500000e-08   6.3303724e-02
   5.4600000e-08  -4.3687853e-01
   5.4700000e-08  -8.2346938e-01
   5.4800000e-08  -9.9613071e-01
   5.4900000e-08  -9.1010768e-01
   5.5000000e-08  -5.8778525e-01
   5.5100000e-08  -1.1285228e-01
   5.5200000e-08   3.9140408e-01
   5.5300000e-08   7.9405813e-01
   5.5400000e-08   9.9049773e-01
   5.5500000e-08   9.2958706e-01
   5.5600000e-08   6.2700089e-01
   5.5700000e-08   1.6125134e-01
   5.5800000e-08  -3.4660423e-01
   5.5900000e-08  -7.6435831e-01
   5.6000000e-08  -9.8303870e-01
   5.6100000e-08  -9.4536033e-01
   5.6200000e-08  -6.6081640e-01
   5.6300000e-08  -2.0341418e-01
   5.6400000e-08   3.0744438e-01
   5.6500000e-08   7.3803946e-01
   5.6600000e-08   9.7531287e-01
   5.6700000e-08   9.5661481e-01
   5.6800000e-08   6.8638056e-01
   5.6900000e-08   2.3526471e-01
   5.7000000e-08  -2.7816719e-01
   5.7100000e-08  -7.1849577e-01
   5.7200000e-08  -9.6915314e-01
   5.7300000e-08  -9.6337066e-01
   5.7400000e-08  -7.0213158e-01
   5.7500000e-08  -2.5425725e-01
   5.7600000e-08   2.6154452e-01
   5.7700000e-08   7.0803919e-01
   5.7800000e-08   9.6597960e-01
   5.7900000e-08   9.6605928e-01
   5.8000000e-08   7.0771313e-01
   5.8100000e-08   2.5961514e-01
   5.8200000e-08  -2.5840974e-01
   5.8300000e-08  -7.0734286e-01
   5.8400000e-08  -9.6629686e-01
   5.8500000e-08  -9.6517796e-01
   5.8600000e-08  -7.0382525e-01
   5.8700000e-08  -2.5235111e-01
   5.8800000e-08   2.6753830e-01
   5.8900000e-08   7.1530047e-01
   5.9000000e-08   9.6958322e-01
   5.9100000e-08   9.6121387e-01
   5.9200000e-08   6.9214626e-01
   5.9300000e-08   2.3513424e-01
   5.9400000e-08  -2.8586903e-01
   5.9500000e-08  -7.2932054e-01
   5.9600000e-08  -9.7458599e-01
   5.9700000e-08  -9.5483144e-01
   5.9800000e-08  -6.7530843e-01
   5.9900000e-08  -2.1200307e-01
   6.0000000e-08   3.0901699e-01
   6.0100000e-08   7.4593839e-01
   6.0200000e-08   9.7984845e-01
   6.0300000e-08   9.4713406e-01
   6.0400000e-08   6.5678467e-01
   6.0500000e-08   1.8788641e-01
   6.0600000e-08  -3.3198331e-01
   6.0700000e-08  -7.6153305e-01
   6.0800000e-08  -9.8419637e-01
   6.0900000e-08  -9.3975193e-01
   6.1000000e-08  -6.4054189e-01
   6.1100000e-08  -1.6793590e-01
   6.1200000e-08   3.4991581e-01
   6.1300000e-08   7.7291835e-01
   6.1400000e-08   9.8695345e-01
   6.1500000e-08   9.3460656e-01
   6.1600000e-08   6.3043682e-01
   6.1700000e-08   1.5676427e-01
   6.1800000e-08  -3.5876349e-01
   6.1900000e-08  -7.7766442e-01
   6.2000000e-08  -9.8782218e-01
   6.2100000e-08  -9.3339533e-01
   6.2200000e-08  -6.2948190e-01
   6.2300000e-08  -1.5773758e-01
   6.2400000e-08   3.5573132e-01
   6.2500000e-08   7.7416708e-01
   6.2600000e-08   9.8656724e-01
   6.2700000e-08   9.3701160e-01
   6.2800000e-08   6.3919621e-01
   6.2900000e-08   1.7245222e-01
   6.3000000e-08  -3.3954495e-01
   6.3100000e-08  -7.6162005e-01
   6.3200000e-08  -9.8275598e-01
   6.3300000e-08  -9.4517218e-01
   6.3400000e-08  -6.5924552e-01
   6.3500000e-08  -2.0047392e-01
   6.3600000e-08   3.1058876e-01
   6.3700000e-08   7.4006183e-01
   6.3800000e-08   9.7577250e-01
   6.3900000e-08   9.5644665e-01
   6.4000000e-08   6.8749622e-01
   6.4100000e-08   2.3937980e-01
   6.4200000e-08  -2.7094059e-01
   6.4300000e-08  -7.1054820e-01
   6.4400000e-08  -9.6514998e-01
   6.4500000e-08  -9.6871092e-01
   6.4600000e-08  -7.2049195e-01
   6.4700000e-08  -2.8512606e-01
   6.4800000e-08   2.2423856e-01
   6.4900000e-08   6.7532976e-01
   6.5000000e-08   9.5105652e-01
   6.5100000e-08   9.7985423e-01
   6.5200000e-08   7.5422968e-01
   6.5300000e-08   3.3271447e-01
   6.5400000e-08  -1.7528273e-01
   6.5500000e-08  -6.3782012e-01
   6.5600000e-08  -9.3464459e-01
   6.5700000e-08  -9.8843980e-01
   6.5800000e-08  -7.8499532e-01
   6.5900000e-08  -3.7703366e-01
   6.6000000e-08   1.2935356e-01
   6.6100000e-08   6.0220286e-01
   6.6200000e-08   9.1801667e-01
   6.6300000e-08   9.9403101e-01
   6.6400000e-08   8.0998756e-01
   6.6500000e-08   4.1366584e-01
   6.6600000e-08  -9.1368788e-02
   6.6700000e-08  -5.7270590e-01
   6.6800000e-08  -9.0375203e-01
   6.6900000e-08  -9.9706242e-01
   6.7000000e-08  -8.2756247e-01
   6.7100000e-08  -4.3946220e-01
   6.7200000e-08   6.5088048e-02
   6.7300000e-08   5.5274595e-01
   6.7400000e-08   8.9416774e-01
   6.7500000e-08   9.9837140e-01
   6.7600000e-08   8.3712988e-01
   6.7700000e-08   4.5281443e-01
   6.7800000e-08  -5.2543515e-02
   6.7900000e-08  -5.4420609e-01
   6.8000000e-08  -8.9061673e-01
   6.8100000e-08  -9.9867233e-01
   6.8200000e-08  -8.3890126e-01
   6.8300000e-08  -4.5369294e-01
   6.8400000e-08   5.3771338e-02
   6.8500000e-08   5.4704721e-01
   6.8600000e-08   8.9309898e-01
   6.8700000e-08   9.9825705e-01
   6.8800000e-08   8.3371398e-01
   6.8900000e-08   4.4357448e-01
   6.9000000e-08  -6.6835322e-02
   6.9100000e-08  -5.5933670e-01
   6.9200000e-08  -9.0031691e-01
   6.9300000e-08  -9.9705213e-01
   6.9400000e-08  -8.2302930e-01
   6.9500000e-08  -4.2531395e-01
   6.9600000e-08   8.8113926e-02
   6.9700000e-08   5.7766366e-01
   6.9800000e-08   9.1011966e-01
   6.9900000e-08   9.9495060e-01
   7.0000000e-08   8.0901699e-01
   7.0100000e-08   4.0291022e-01
   7.0200000e-08  -1.1282355e-01
   7.0300000e-08  -5.9781567e-01
   7.0400000e-08  -9.2012859e-01
   7.0500000e-08  -9.9217902e-01
   7.0600000e-08  -7.9452911e-01
   7.0700000e-08  -3.8107787e-01
   7.0800000e-08   1.3571981e-01
   7.0900000e-08   6.1552478e-01
   7.1000000e-08   9.2827672e-01
   7.1100000e-08   9.8944458e-01
   7.1200000e-08   7.8280188e-01
   7.1300000e-08   3.6460568e-01
   7.1400000e-08  -1.5185972e-01
   7.1500000e-08  -6.2708420e-01
   7.1600000e-08  -9.3306434e-01
   7.1700000e-08  -9.8774052e-01
   7.1800000e-08  -7.7687924e-01
   7.1900000e-08  -3.5759831e-01
   7.2000000e-08   1.5728172e-01
   7.2100000e-08   6.2972142e-01
   7.2200000e-08   9.3350592e-01
   7.2300000e-08   9.8789390e-01
   7.2400000e-08   7.7891924e-01
   7.2500000e-08   3.6277021e-01
   7.2600000e-08  -1.4950552e-01
   7.2700000e-08  -6.2175488e-01
   7.2800000e-08  -9.2892651e-01
   7.2900000e-08  -9.9009834e-01
   7.3000000e-08  -7.8962893e-01
   7.3100000e-08  -3.8095376e-01
   7.3200000e-08   1.2783109e-01
   7.3300000e-08   6.0266310e-01
   7.3400000e-08   9.1884386e-01
   7.3500000e-08   9.9369900e-01
   7.3600000e-08   8.0804422e-01
   7.3700000e-08   4.1093077e-01
   7.3800000e-08  -9.3450896e-02
   7.3900000e-08  -5.7317849e-01
   7.4000000e-08  -9.0309380e-01
   7.4100000e-08  -9.9737793e-01
   7.4200000e-08  -8.3175802e-01
   7.4300000e-08  -4.4963806e-01
   7.4400000e-08   4.9358762e-02
   7.4500000e-08   5.3539255e-01
   7.4600000e-08   8.8216705e-01
   7.4700000e-08   9.9968698e-01
   7.4800000e-08   8.5754366e-01
   7.4900000e-08   4.9273094e-01
   7.5000000e-08   3.4786778e-14
   7.5100000e-08  -4.9273094e-01
   7.5200000e-08  -8.5754366e-01
   7.5300000e-08  -9.9968698e-01
   7.5400000e-08  -8.8216705e-01
   7.5500000e-08  -5.3539255e-01
   7.5600000e-08  -4.9358762e-02
   7.5700000e-08   4.4963806e-01
   7.5800000e-08   8.3175802e-01
   7.5900000e-08   9.9737793e-01
   7.6000000e-08   9.0309380e-01
   7.6100000e-08   5.7317849e-01
   7.6200000e-08   9.3450896e-02
   7.6300000e-08  -4.1093077e-01
   7.6400000e-08  -8.0804422e-01
   7.6500000e-08  -9.9369900e-01
   7.6600000e-08  -9.1884386e-01
   7.6700000e-08  -6.0266310e-01
   7.6800000e-08  -1.2783109e-01
   7.6900000e-08   3.8095376e-01
   7.7000000e-08   7.8962893e-01
   7.7100000e-08   9.9009834e-01
   7.7200000e-08   9.2892651e-01
   7.7300000e-08   6.2175488e-01
   7.7400000e-08   1.4950552e-01
   7.7500000e-08  -3.6277021e-01
   7.7600000e-08  -7.7891924e-01
   7.7700000e-08  -9.8789390e-01
   7.7800000e-08  -9.3350592e-01
   7.7900000e-08  -6.2972142e-01
   7.8000000e-08  -1.5728172e-01
   7.8100000e-08   3.5759831e-01
   7.8200000e-08   7.7687924e-01
   7.8300000e-08   9.8774052e-01
   7.8400000e-08   9.3306434e-01
   7.8500000e-08   6.2708420e-01
   7.8600000e-08   1.5185972e-01
   7.8700000e-08  -3.6460568e-01
   7.8800000e-08  -7.8280188e-01
   7.8900000e-08  -9.8944458e-01
   7.9000000e-08  -9.2827672e-01
   7.9100000e-08  -6.1552478e-01
   7.9200000e-08  -1.3571981e-01
   7.9300000e-08   3.8107787e-01
   7.9400000e-08   7.9452911e-01
   7.9500000e-08   9.9217902e-01
   7.9600000e-08   9.2012859e-01
   7.9700000e-08   5.9781567e-01
   7.9800000e-08   1.1282355e-01
   7.9900000e-08  -4.0291022e-01
   8.0000000e-08  -8.0901699e-01
   8.0100000e-08  -9.9495060e-01
   8.0200000e-08  -9.1011966e-01
   8.0300000e-08  -5.7766366e-01
   8.0400000e-08  -8.8113926e-02
   8.0500000e-08   4.2531395e-01
   8.0600000e-08   8.2302930e-01
   8.0700000e-08   9.9705213e-01
   8.0800000e-08   9.0031691e-01
   8.0900000e-08   5.5933670e-01
   8.1000000e-08   6.6835322e-02
   8.1100000e-08  -4.4357448e-01
   8.1200000e-08  -8.3371398e-01
   8.1300000e-08  -9.9825705e-01
   8.1400000e-08  -8.9309898e-01
   8.1500000e-08  -5.4704721e-01
   8.1600000e-08  -5.3771338e-02
   8.1700000e-08   4.5369294e-01
   8.1800000e-08   8.3890126e-01
   8.1900000e-08   9.9867233e-01
   8.2000000e-08   8.9061673e-01
   8.2100000e-08   5.4420609e-01
   8.2200000e-08   5.2543515e-02
   8.2300000e-08  -4.5281443e-01
   8.2400000e-08  -8.3712988e-01
   8.2500000e-08  -9.9837140e-01
   8.2600000e-08  -8.9416774e-01
   8.2700000e-08  -5.5274595e-01
   8.2800000e-08  -6.5088048e-02
   8.2900000e-08   4.3946220e-01
   8.3000000e-08   8.2756247e-01
   8.3100000e-08   9.9706242e-01
   8.3200000e-08   9.0375203e-01
   8.3300000e-08   5.7270590e-01
   8.3400000e-08   9.1368788e-02
   8.3500000e-08  -4.1366584e-01
   8.3600000e-08  -8.0998756e-01
   8.3700000e-08  -9.9403101e-01
   8.3800000e-08  -9.1801667e-01
   8.3900000e-08  -6.0220286e-01
   8.4000000e-08  -1.2935356e-01
   8.4100000e-08   3.7703366e-01
   8.4200000e-08   7.8499532e-01
   8.4300000e-08   9.8843980e-01
   8.4400000e-08   9.3464459e-01
   8.4500000e-08   6.3782012e-01
   8.4600000e-08   1.7528273e-01
   8.4700000e-08  -3.3271447e-01
   8.4800000e-08  -7.5422968e-01
   8.4900000e-08  -9.7985423e-01
   8.5000000e-08  -9.5105652e-01
   8.5100000e-08  -6.7532976e-01
   8.5200000e-08  -2.2423856e-01
   8.5300000e-08   2.8512606e-01
   8.5400000e-08   7.2049195e-01
   8.5500000e-08   9.6871092e-01
   8.5600000e-08   9.6514998e-01
   8.5700000e-08   7.1054820e-01
   8.5800000e-08   2.7094059e-01
   8.5900000e-08  -2.3937980e-01
   8.6000000e-08  -6.8749622e-01
   8.6100000e-08  -9.5644665e-01
   8.6200000e-08  -9.7577250e-01
   8.6300000e-08  -7.4006183e-01
   8.6400000e-08  -3.1058876e-01
   8.6500000e-08   2.0047392e-01
   8.6600000e-08   6.5924552e-01
   8.6700000e-08   9.4517218e-01
   8.6800000e-08   9.8275598e-01
   8.6900000e-08   7.6162005e-01
   8.7000000e-08   3.3954495e-01
   8.7100000e-08  -1.7245222e-01
   8.7200000e-08  -6.3919621e-01
   8.7300000e-08  -9.3701160e-01
   8.7400000e-08  -9.8656724e-01
   8.7500000e-08  -7.7416708e-01
   8.7600000e-08  -3.5573132e-01
   8.7700000e-08   1.5773758e-01
   8.7800000e-08   6.2948190e-01
   8.7900000e-08   9.3339533e-01
   8.8000000e-08   9.8782218e-01
   8.8100000e-08   7.7766442e-01
   8.8200000e-08   3.5876349e-01
   8.8300000e-08  -1.5676427e-01
   8.8400000e-08  -6.3043682e-01
   8.8500000e-08  -9.3460656e-01
   8.8600000e-08  -9.8695345e-01
   8.8700000e-08  -7.7291835e-01
   8.8800000e-08  -3.4991581e-01
   8.8900000e-08   1.6793590e-01
   8.9000000e-08   6.4054189e-01
   8.9100000e-08   9.3975193e-01
   8.9200000e-08   9.8419637e-01
   8.9300000e-08   7.6153305e-01
   8.9400000e-08   3.3198331e-01
   8.9500000e-08  -1.8788641e-01
   8.9600000e-08  -6.5678467e-01
   8.9700000e-08  -9.4713406e-01
   8.9800000e-08  -9.7984845e-01
   8.9900000e-08  -7.4593839e-01
   9.0000000e-08  -3.0901699e-01
   9.0100000e-08   2.1200307e-01
   9.0200000e-08   6.7530843e-01
   9.0300000e-08   9.5483144e-01
   9.0400000e-08   9.7458599e-01
   9.0500000e-08   7.2932054e-01
   9.0600000e-08   2.8586903e-01
   9.0700000e-08  -2.3513424e-01
   9.0800000e-08  -6.9214626e-01
   9.0900000e-08  -9.6121387e-01
   9.1000000e-08  -9.6958322e-01
   9.1100000e-08  -7.1530047e-01
   9.1200000e-08  -2.6753830e-01
   9.1300000e-08   2.5235111e-01
   9.1400000e-08   7.0382525e-01
   9.1500000e-08   9.6517796e-01
   9.1600000e-08   9.6629686e-01
   9.1700000e-08   7.0734286e-01
   9.1800000e-08   2.5840974e-01
   9.1900000e-08  -2.5961514e-01
   9.2000000e-08  -7.0771313e-01
   9.2100000e-08  -9.6605928e-01
   9.2200000e-08  -9.6597960e-01
   9.2300000e-08  -7.0803919e-01
   9.2400000e-08  -2.6154452e-01
   9.2500000e-08   2.5425725e-01
   9.2600000e-08   7.0213158e-01
   9.2700000e-08   9.6337066e-01
   9.2800000e-08   9.6915314e-01
   9.2900000e-08   7.1849577e-01
   9.3000000e-08   2.7816719e-01
   9.3100000e-08  -2.3526471e-01
   9.3200000e-08  -6.8638056e-01
   9.3300000e-08  -9.5661481e-01
   9.3400000e-08  -9.7531287e-01
   9.3500000e-08  -7.3803946e-01
   9.3600000e-08  -3.0744438e-01
   9.3700000e-08   2.0341418e-01
   9.3800000e-08   6.6081640e-01
   9.3900000e-08   9.4536033e-01
   9.4000000e-08   9.8303870e-01
   9.4100000e-08   7.6435831e-01
   9.4200000e-08   3.4660423e-01
   9.4300000e-08  -1.6125134e-01
   9.4400000e-08  -6.2700089e-01
   9.4500000e-08  -9.2958706e-01
   9.4600000e-08  -9.9049773e-01
   9.4700000e-08  -7.9405813e-01
   9.4800000e-08  -3.9140408e-01
   9.4900000e-08   1.1285228e-01
   9.5000000e-08   5.8778525e-01
   9.5100000e-08   9.1010768e-01
   9.5200000e-08   9.9613071e-01
   9.5300000e-08   8.2346938e-01
   9.5400000e-08   4.3687853e-01
   9.5500000e-08  -6.3303724e-02
   9.5600000e-08  -5.4713673e-01
   9.5700000e-08  -8.8878099e-01
   9.5800000e-08  -9.9920851e-01
   9.5900000e-08  -8.4943308e-01
   9.6000000e-08  -4.7819777e-01
   9.6100000e-08   1.7938048e-02
   9.6200000e-08   5.0960968e-01
   9.6300000e-08   8.6831413e-01
   9.6400000e-08   9.9999863e-01
   9.6500000e-08   8.6979931e-01
   9.6600000e-08   5.1140772e-01
   9.6700000e-08   1.8514572e-02
   9.6800000e-08  -4.7954551e-01
   9.6900000e-08  -8.5166084e-01
   9.7000000e-08  -9.9947925e-01
   9.7100000e-08  -8.8351701e-01
   9.7200000e-08  -5.3388153e-01
   9.7300000e-08  -4.2649862e-02
   9.7400000e-08   4.6022656e-01
   9.7500000e-08   8.4123178e-01
   9.7600000e-08   9.9877328e-01
   9.7700000e-08   8.9040671e-01
   9.7800000e-08   5.4446471e-01
   9.7900000e-08   5.2851383e-02
   9.8000000e-08  -4.5322596e-01
   9.8100000e-08  -8.3822136e-01
   9.8200000e-08  -9.9860727e-01
   9.8300000e-08  -8.9085488e-01
   9.8400000e-08  -5.4343296e-01
   9.8500000e-08  -4.9465578e-02
   9.8600000e-08   4.5811105e-01
   9.8700000e-08   8.4229549e-01
   9.8800000e-08   9.9906175e-01
   9.8900000e-08   8.8565449e-01
   9.9000000e-08   5.3240006e-01
   9.9100000e-08   3.4726140e-02
   9.9200000e-08  -4.7254699e-01
   9.9300000e-08  -8.5173118e-01
   9.9400000e-08  -9.9970608e-01
   9.9500000e-08  -8.7605883e-01
   9.9600000e-08  -5.1421334e-01
   9.9700000e-08  -1.2454624e-02
   9.9800000e-08   4.9275610e-01
   9.9900000e-08   8.6392550e-01
   1.0000000e-07   1.0000000e+00
